00204
44788
67425
74094
99102
82786
74355
15535
13083
50928
64681
85305
06531
87306
30376
88732
19713
02375
46325
82414
39084
68017
03134
75779
92604
31601
64946
57654
70051
55047
52249
47820
68329
78889
49694
73576
61786
11335
38902
71308
97523
42334
56282
13041
15706
82634
75838
58012
94882
27845
16985
29223
22288
47507
77362
15011
89166
99143
90641
95608
11074
67331
09344
94699
73198
27760
12651
55994
00667
36296
39216
44781
53862
43042
44978
74493
48733
31404
85972
58273
02106
82149
26146
85530
02001
62469
70168
23506
02939
40049
21244
43839
46261
22119
63924
74123
05434
19527
71922
74471
56368
35793
40921
39079
72726
81177
46393
22786
46237
11742
26404
92640
32011
93410
89433
04458
18847
91031
47179
04389
24550
82444
72378
55474
16239
97537
81615
89216
55664
82314
43131
82133
69516
87950
09643
57327
44739
84864
76153
11045
48845
01772
62759
64240
75222
89754
22470
39134
13453
11316
74018
60784
44622
54453
59670
83638
61632
71711
28041
43102
14512
44246
41904
32104
80735
70894
11007
02650
60527
82228
49883
92394
97179
79619
60662
76195
22363
99306
40884
42682
26442
01450
16312
95817
53781
84202
98744
81454
23065
22764
68827
38908
72603
33449
83865
77510
30651
62749
10637
78174
10714
01393
83208
19959
31866
23409
85738
31632
64061
50191
60299
68227
98440
39558
39685
12612
42653
99815
05226
02049
41163
28822
69598
79757
20563
78048
84639
71475
59888
41641
74159
87023
85926
70485
91752
46865
93531
11266
03611
33675
90938
70534
96339
68894
70072
03764
09762
14295
01861
29417
94739
98548
56550
68009
95980
68776
49015
06167
59852
67125
09071
85693
67197
32322
76786
17629
91141
26237
22799
21316
79908
85450
93622
88461
64631
97808
81962
72194
92168
03991
22031
01134
82910
24074
09853
18452
13597
09088
48586
45931
25129
17584
18825
73031
55377
17196
73922
70949
97000
11200
60293
31683
80252
90081
62736
32095
80799
08094
74737
22972
52528
84825
93788
43090
85363
31754
41696
58275
88075
03820
09900
25467
96094
75978
29776
81781
04324
44770
67957
58571
24953
54878
46641
20492
70269
50694
88906
29562
60467
52877
89020
34224
56467
59921
07757
83410
17724
74712
92704
65602
85038
56095
23582
72897
88372
95432
82548
90067
79662
18170
49516
08620
90627
10398
22466
65869
15584
70413
62756
08987
19262
85283
65437
84075
69611
32405
54562
50219
95616
06074
03503
18559
70111
69039
80257
16348
17589
29070
17766
76013
47017
40519
09224
49221
09645
30883
28393
45938
81822
52364
74912
98496
72808
58435
44613
50649
57583
05402
24830
71643
34666
78964
14716
95272
08920
45777
70550
83945
99370
30018
76055
17746
72013
14944
37707
08499
97632
69459
05048
38825
34608
99671
15999
26212
36729
25460
67172
12072
86010
82036
09185
75805
50498
46507
66969
73864
67089
89434
85087
03812
49339
51400
98041
93391
20276
44569
25590
14578
70215
79250
93056
22654
39566
15459
76641
20261
26652
39481
73741
46468
20515
65434
98251
90832
58737
61829
00887
32461
10243
03135
14491
04075
83121
46342
24348
81071
57431
32520
63497
95584
43017
13383
33041
75550
62323
02854
47464
08768
58200
53625
04943
31964
26725
58718
82655
44849
75008
78054
57095
49188
04008
90005
49389
12858
16342
67969
95602
58912
49102
81920
42053
79642
31664
24981
65628
75639
68502
64980
19093
19859
47000
21015
01404
46682
70264
65016
53020
65979
14937
48307
76219
02169
14008
53169
80405
58287
64626
69405
52426
05040
60915
95896
51884
94876
51780
67171
31444
01045
23729
04963
82153
81657
08675
94778
03748
68750
16757
87451
99972
82349
94148
25713
98882
69531
05868
95752
98164
68486
43599
03775
35447
97578
58494
77572
83614
69413
18992
93076
71111
29893
93629
25927
27268
22288
58851
28038
52602
76291
31829
29149
14136
22083
28266
63398
65710
29398
45214
20879
93291
71580
68885
24206
85290
14653
07465
30073
27868
31376
48923
55821
25257
40309
43827
30998
45064
69878
13154
73920
88589
47431
81105
93234
86137
13306
32916
14486
17329
59894
97670
31675
56412
95696
56110
83820
42578
34389
73453
56524
75272
08891
57199
08533
34504
10417
39947
23300
26165
52550
87207
85548
52335
60294
30210
82833
06600
84144
23724
32103
94362
39145
28861
31265
78151
68956
20898
35745
47938
34911
22082
60051
16450
30082
59444
04336
39480
18343
47616
05959
61197
98430
96637
16049
84465
93006
44770
01069
66150
62721
16313
69372
37435
45276
04413
22773
49132
19487
78875
33103
41994
94344
18978
43777
42028
23076
71284
96354
80807
42211
32457
82099
40785
35644
57067
18547
25604
23692
90408
51067
55412
77162
26310
79421
87174
56413
89950
09326
59982
75414
45665
29022
65372
90814
29765
10829
42630
15996
08344
37713
99113
60146
60096
54845
55553
92315
84123
46168
16376
30476
32751
35954
65011
55592
69340
15372
84202
50678
51098
94047
01325
64861
36894
76625
58695
02444
20069
64331
08882
36968
86249
81538
35021
50274
96158
27323
96127
96569
93431
52035
97407
91484
37423
58853
85571
26137
61026
30352
69146
06199
53481
80063
63787
15954
68186
29038
62590
07361
55515
07409
31408
14116
20624
80954
29156
90719
06268
02658
53132
76532
00614
89274
09322
84840
70048
22890
07719
16921
16995
77485
82630
01100
62724
70497
37991
56817
55167
39385
17682
83688
01727
43186
00833
75567
27093
89085
22144
59607
56051
83973
17192
60327
21298
11010
92746
88670
96253
31189
22078
56069
52871
09896
65278
13506
44452
68476
14564
15576
13461
60792
64594
09552
24331
74789
07783
49444
21282
59058
54610
35062
11132
74396
78933
76080
71108
70369
88304
81099
81662
86876
19275
71706
84279
80711
57717
21541
64291
77123
84130
20355
58693
46383
43953
63077
88951
05342
42882
63873
18815
43996
67178
95209
37135
77049
28980
51917
65669
20474
36620
40252
91900
93076
89933
91958
26844
43054
00571
03331
87866
99564
37313
99280
06489
49284
96383
22388
61213
37970
96756
46978
35319
97025
00474
18174
99686
95059
57958
15961
20607
14452
78320
44253
92592
52914
24678
44949
96192
50050
34465
37002
80800
38925
64741
80475
72474
22619
62510
65610
06742
75798
60029
26886
86417
71270
95122
82081
64411
31551
56491
96338
51545
05426
54029
71227
49364
69514
14136
58804
07946
54825
00023
00677
08720
98329
57036
92066
72272
19514
82957
70869
91162
21951
